Original Image:
(38, 55, 37) (38, 55, 37) (35, 52, 34) (28, 45, 27) (20, 37, 18) (15, 32, 13) (16, 33, 14) (19, 36, 17) (13, 30, 11) (18, 35, 16) (21, 39, 17) (24, 42, 20) (26, 44, 22) (23, 41, 19) (23, 41, 19) (33, 51, 29) (40, 55, 34) (36, 51, 30) (34, 49, 28) (36, 51, 30) 
(40, 57, 39) (40, 57, 39) (37, 54, 36) (29, 46, 28) (21, 38, 19) (16, 33, 14) (16, 33, 14) (19, 36, 17) (12, 29, 10) (14, 31, 12) (15, 33, 11) (21, 39, 17) (27, 45, 23) (25, 43, 21) (23, 41, 19) (29, 47, 25) (41, 56, 35) (38, 53, 32) (35, 50, 29) (35, 50, 29) 
(44, 58, 41) (44, 58, 41) (41, 55, 38) (34, 48, 31) (27, 42, 23) (22, 37, 18) (21, 36, 17) (23, 38, 19) (21, 36, 17) (17, 32, 13) (13, 28, 9) (18, 33, 14) (29, 44, 23) (29, 44, 23) (27, 42, 21) (32, 47, 26) (40, 55, 34) (38, 53, 32) (35, 50, 29) (34, 49, 28) 
(44, 58, 41) (44, 58, 41) (43, 57, 40) (39, 53, 36) (33, 48, 29) (30, 45, 26) (30, 45, 26) (31, 46, 27) (32, 47, 28) (24, 39, 20) (16, 31, 12) (20, 35, 16) (30, 45, 24) (28, 43, 22) (26, 41, 20) (32, 47, 26) (37, 52, 31) (37, 52, 31) (36, 51, 30) (34, 49, 28) 
(41, 55, 38) (42, 56, 39) (43, 57, 40) (41, 55, 38) (39, 53, 36) (37, 51, 34) (38, 53, 34) (39, 54, 35) (39, 54, 35) (35, 50, 31) (32, 47, 28) (37, 52, 33) (42, 57, 38) (34, 49, 30) (27, 42, 21) (32, 47, 26) (36, 51, 30) (38, 53, 32) (37, 52, 31) (34, 49, 28) 
(36, 50, 33) (37, 51, 34) (39, 53, 36) (40, 54, 37) (40, 54, 37) (40, 54, 37) (41, 56, 37) (42, 57, 38) (43, 58, 39) (45, 60, 41) (51, 66, 47) (63, 78, 59) (66, 81, 62) (49, 64, 45) (34, 49, 28) (35, 50, 29) (39, 54, 33) (42, 57, 36) (42, 57, 36) (37, 52, 31) 
(32, 45, 28) (33, 46, 29) (35, 48, 31) (36, 49, 32) (37, 50, 33) (37, 50, 33) (37, 50, 33) (38, 51, 34) (39, 52, 34) (44, 57, 39) (56, 69, 51) (74, 87, 69) (80, 93, 75) (60, 73, 55) (40, 53, 35) (38, 51, 33) (43, 58, 37) (48, 63, 42) (48, 63, 42) (42, 57, 36) 
(28, 41, 24) (29, 42, 25) (31, 44, 27) (32, 45, 28) (33, 46, 29) (32, 45, 28) (32, 45, 28) (32, 45, 28) (30, 43, 25) (34, 47, 29) (45, 58, 40) (66, 79, 61) (75, 88, 70) (58, 71, 53) (39, 52, 34) (36, 49, 31) (46, 61, 40) (51, 66, 45) (52, 67, 46) (47, 62, 41) 
(26, 38, 24) (27, 39, 25) (27, 39, 25) (28, 40, 26) (29, 42, 25) (30, 43, 26) (31, 44, 27) (31, 44, 27) (29, 42, 25) (26, 39, 22) (25, 38, 20) (41, 54, 36) (60, 73, 55) (50, 63, 45) (32, 45, 27) (31, 44, 26) (46, 59, 39) (62, 75, 55) (61, 74, 54) (52, 65, 45) 
(25, 37, 23) (26, 38, 24) (26, 38, 24) (27, 39, 25) (28, 41, 24) (28, 41, 24) (29, 42, 25) (29, 42, 25) (29, 42, 25) (23, 36, 19) (14, 27, 9) (23, 36, 18) (43, 56, 38) (42, 55, 37) (31, 44, 26) (31, 44, 26) (47, 60, 40) (61, 74, 54) (60, 73, 53) (54, 67, 47) 
(25, 36, 22) (25, 36, 22) (26, 37, 23) (26, 37, 23) (27, 38, 24) (27, 38, 24) (27, 38, 22) (28, 39, 23) (32, 43, 27) (25, 36, 20) (13, 24, 8) (16, 27, 11) (33, 44, 28) (42, 53, 37) (40, 51, 34) (39, 50, 33) (47, 60, 40) (54, 67, 47) (53, 66, 46) (51, 64, 44) 
(25, 36, 22) (25, 36, 22) (25, 36, 22) (25, 36, 22) (25, 36, 22) (26, 37, 23) (26, 37, 21) (26, 37, 21) (29, 40, 24) (27, 38, 22) (21, 32, 16) (20, 31, 15) (32, 43, 27) (46, 57, 41) (50, 61, 44) (48, 59, 42) (46, 59, 39) (42, 55, 35) (38, 51, 31) (43, 56, 36) 
(24, 35, 21) (24, 35, 21) (25, 36, 22) (25, 36, 22) (25, 36, 22) (25, 36, 22) (25, 36, 22) (26, 37, 23) (24, 35, 19) (27, 38, 22) (27, 38, 22) (23, 34, 18) (27, 38, 22) (41, 52, 36) (53, 64, 48) (56, 67, 50) (49, 62, 42) (35, 48, 28) (28, 41, 21) (39, 52, 32) 
(23, 34, 20) (24, 35, 21) (24, 35, 21) (24, 35, 21) (25, 36, 22) (25, 36, 22) (26, 37, 23) (26, 37, 23) (25, 36, 20) (26, 37, 21) (28, 39, 23) (23, 34, 18) (19, 30, 14) (33, 44, 28) (53, 64, 48) (60, 71, 54) (53, 66, 48) (37, 50, 30) (35, 48, 28) (46, 59, 39) 
(24, 32, 19) (24, 32, 19) (25, 33, 20) (25, 33, 20) (26, 34, 21) (27, 35, 22) (27, 35, 22) (28, 36, 23) (30, 38, 23) (27, 35, 20) (30, 38, 23) (27, 35, 20) (19, 27, 12) (29, 37, 22) (50, 58, 43) (56, 67, 50) (55, 68, 50) (47, 60, 40) (54, 67, 47) (62, 75, 55) 
(24, 30, 20) (23, 31, 20) (25, 31, 21) (25, 33, 20) (27, 33, 23) (26, 34, 21) (28, 34, 22) (28, 36, 23) (30, 36, 24) (24, 32, 17) (30, 36, 22) (29, 37, 22) (21, 27, 13) (26, 34, 19) (44, 50, 36) (48, 57, 40) (56, 68, 48) (56, 68, 48) (71, 83, 63) (76, 88, 68) 
(26, 29, 22) (24, 29, 22) (26, 29, 22) (24, 30, 20) (27, 30, 23) (26, 32, 22) (29, 32, 23) (27, 33, 21) (29, 32, 21) (29, 35, 23) (31, 35, 21) (28, 34, 20) (30, 34, 19) (31, 38, 22) (39, 43, 28) (42, 49, 33) (49, 56, 38) (57, 66, 47) (75, 84, 65) (84, 93, 74) 
(25, 27, 22) (25, 27, 22) (26, 29, 22) (26, 29, 22) (27, 30, 23) (28, 31, 24) (29, 32, 23) (29, 32, 23) (28, 31, 20) (30, 33, 22) (31, 35, 21) (31, 35, 21) (30, 34, 19) (32, 36, 21) (36, 40, 25) (39, 43, 28) (41, 48, 30) (48, 55, 37) (65, 72, 54) (76, 83, 65) 
(25, 28, 21) (25, 28, 21) (25, 28, 21) (26, 29, 22) (27, 30, 21) (28, 31, 22) (28, 31, 22) (29, 32, 23) (27, 30, 19) (29, 32, 21) (31, 35, 21) (31, 35, 21) (31, 35, 20) (31, 35, 20) (33, 37, 22) (35, 39, 24) (37, 44, 26) (41, 48, 30) (52, 59, 41) (63, 70, 52) 
(25, 28, 21) (25, 28, 21) (26, 29, 22) (26, 29, 22) (27, 30, 21) (27, 30, 21) (27, 30, 21) (26, 29, 20) (27, 30, 19) (28, 31, 20) (30, 34, 20) (31, 35, 21) (31, 35, 20) (32, 36, 21) (34, 38, 23) (36, 40, 25) (38, 45, 27) (41, 48, 30) (45, 52, 34) (50, 57, 39) 

CMYK Image:
(37, 54, 36) (37, 54, 36) (34, 51, 33) (27, 44, 26) (19, 36, 17) (14, 31, 12) (15, 32, 13) (18, 35, 16) (12, 29, 10) (17, 34, 15) (20, 38, 16) (23, 41, 19) (25, 43, 21) (22, 40, 18) (22, 40, 18) (32, 50, 28) (39, 54, 33) (35, 50, 29) (33, 48, 27) (35, 50, 29) 
(39, 56, 38) (39, 56, 38) (36, 53, 35) (28, 45, 27) (20, 37, 18) (15, 32, 13) (15, 32, 13) (18, 35, 16) (11, 28, 9) (13, 30, 11) (14, 32, 10) (20, 38, 16) (26, 44, 22) (24, 42, 20) (22, 40, 18) (28, 46, 24) (40, 55, 34) (37, 52, 31) (34, 49, 28) (34, 49, 28) 
(43, 57, 40) (43, 57, 40) (40, 54, 37) (33, 47, 30) (26, 41, 22) (21, 36, 17) (20, 35, 16) (22, 37, 18) (20, 35, 16) (16, 31, 12) (12, 27, 9) (17, 32, 13) (28, 43, 22) (28, 43, 22) (26, 41, 20) (31, 46, 25) (39, 54, 33) (37, 52, 31) (34, 49, 28) (33, 48, 27) 
(43, 57, 40) (43, 57, 40) (42, 56, 39) (38, 52, 35) (32, 47, 28) (29, 44, 25) (29, 44, 25) (30, 45, 26) (31, 46, 27) (23, 38, 19) (15, 30, 11) (19, 34, 15) (29, 44, 23) (27, 42, 21) (25, 40, 19) (31, 46, 25) (36, 51, 30) (36, 51, 30) (35, 50, 29) (33, 48, 27) 
(40, 54, 37) (41, 55, 38) (42, 56, 39) (40, 54, 37) (38, 52, 35) (36, 50, 33) (37, 52, 33) (38, 53, 34) (38, 53, 34) (34, 49, 30) (31, 46, 27) (36, 51, 32) (41, 56, 37) (33, 48, 29) (26, 41, 20) (31, 46, 25) (35, 50, 29) (37, 52, 31) (36, 51, 30) (33, 48, 27) 
(35, 49, 32) (36, 50, 33) (38, 52, 35) (39, 53, 36) (39, 53, 36) (39, 53, 36) (40, 55, 36) (41, 56, 37) (42, 57, 38) (44, 59, 40) (50, 65, 46) (62, 77, 58) (65, 81, 61) (48, 63, 44) (33, 48, 27) (34, 49, 28) (38, 53, 32) (41, 56, 35) (41, 56, 35) (36, 51, 30) 
(31, 44, 27) (32, 45, 28) (34, 47, 30) (35, 48, 31) (36, 49, 32) (36, 49, 32) (36, 49, 32) (37, 50, 33) (38, 51, 33) (43, 56, 38) (55, 69, 50) (73, 87, 69) (79, 93, 75) (59, 73, 54) (39, 52, 34) (37, 50, 32) (42, 57, 36) (47, 62, 41) (47, 62, 41) (41, 56, 35) 
(27, 40, 23) (28, 41, 24) (30, 43, 26) (31, 44, 27) (32, 45, 28) (31, 44, 27) (31, 44, 27) (31, 44, 27) (29, 42, 24) (33, 46, 28) (44, 57, 39) (65, 79, 60) (75, 87, 69) (57, 71, 52) (38, 51, 33) (35, 48, 30) (45, 60, 39) (50, 65, 44) (51, 67, 45) (46, 61, 40) 
(25, 37, 23) (26, 38, 24) (26, 38, 24) (27, 39, 25) (28, 41, 24) (29, 42, 25) (30, 43, 26) (30, 43, 26) (28, 41, 24) (25, 38, 21) (24, 37, 19) (40, 53, 35) (59, 73, 54) (49, 62, 44) (31, 44, 26) (30, 43, 25) (45, 58, 38) (61, 75, 54) (60, 73, 53) (51, 65, 44) 
(24, 36, 22) (25, 37, 23) (25, 37, 23) (26, 38, 24) (27, 40, 23) (27, 40, 23) (28, 41, 24) (28, 41, 24) (28, 41, 24) (22, 35, 18) (13, 26, 8) (22, 35, 17) (42, 55, 37) (41, 54, 36) (30, 43, 25) (30, 43, 25) (46, 59, 39) (60, 73, 53) (59, 73, 52) (53, 67, 46) 
(24, 35, 21) (24, 35, 21) (25, 36, 22) (25, 36, 22) (26, 37, 23) (26, 37, 23) (26, 37, 21) (27, 38, 22) (31, 42, 26) (24, 35, 19) (12, 23, 7) (15, 26, 10) (32, 43, 27) (41, 52, 36) (39, 50, 33) (38, 49, 32) (46, 59, 39) (53, 67, 46) (52, 65, 45) (50, 63, 43) 
(24, 35, 21) (24, 35, 21) (24, 35, 21) (24, 35, 21) (24, 35, 21) (25, 36, 22) (25, 36, 20) (25, 36, 20) (28, 39, 23) (26, 37, 21) (20, 31, 15) (19, 30, 14) (31, 42, 26) (45, 56, 40) (49, 60, 43) (47, 58, 41) (45, 58, 38) (41, 54, 34) (37, 50, 30) (42, 55, 35) 
(23, 34, 20) (23, 34, 20) (24, 35, 21) (24, 35, 21) (24, 35, 21) (24, 35, 21) (24, 35, 21) (25, 36, 22) (23, 34, 18) (26, 37, 21) (26, 37, 21) (22, 33, 17) (26, 37, 21) (40, 51, 35) (52, 63, 47) (55, 67, 49) (48, 61, 41) (34, 47, 27) (27, 40, 20) (38, 51, 31) 
(22, 33, 19) (23, 34, 20) (23, 34, 20) (23, 34, 20) (24, 35, 21) (24, 35, 21) (25, 36, 22) (25, 36, 22) (24, 35, 19) (25, 36, 20) (27, 38, 22) (22, 33, 17) (18, 29, 13) (32, 43, 27) (52, 63, 47) (59, 71, 53) (52, 65, 47) (36, 49, 29) (34, 47, 27) (45, 58, 38) 
(23, 31, 18) (23, 31, 18) (24, 32, 19) (24, 32, 19) (25, 33, 20) (26, 34, 21) (26, 34, 21) (27, 35, 22) (29, 37, 22) (26, 34, 19) (29, 37, 22) (26, 34, 19) (18, 26, 11) (28, 36, 21) (49, 57, 42) (55, 67, 49) (54, 67, 49) (46, 59, 39) (53, 67, 46) (61, 75, 54) 
(23, 29, 19) (22, 30, 19) (24, 30, 20) (24, 32, 19) (26, 32, 22) (25, 33, 20) (27, 33, 21) (27, 35, 22) (29, 35, 23) (23, 31, 16) (29, 35, 21) (28, 36, 21) (20, 26, 12) (25, 33, 18) (43, 49, 35) (47, 56, 39) (55, 67, 47) (55, 67, 47) (71, 83, 62) (75, 87, 67) 
(25, 28, 21) (23, 28, 21) (25, 28, 21) (23, 29, 19) (26, 29, 22) (25, 31, 21) (28, 31, 22) (26, 32, 20) (28, 31, 20) (28, 34, 22) (30, 34, 20) (27, 33, 19) (29, 33, 18) (30, 37, 21) (38, 42, 27) (41, 48, 32) (48, 55, 37) (56, 65, 46) (75, 83, 65) (83, 93, 73) 
(24, 26, 21) (24, 26, 21) (25, 28, 21) (25, 28, 21) (26, 29, 22) (27, 30, 23) (28, 31, 22) (28, 31, 22) (27, 30, 19) (29, 32, 21) (30, 34, 20) (30, 34, 20) (29, 33, 18) (31, 35, 20) (35, 39, 24) (38, 42, 27) (40, 47, 29) (47, 54, 36) (65, 71, 53) (75, 83, 65) 
(24, 27, 20) (24, 27, 20) (24, 27, 20) (25, 28, 21) (26, 29, 20) (27, 30, 21) (27, 30, 21) (28, 31, 22) (26, 29, 18) (28, 31, 20) (30, 34, 20) (30, 34, 20) (30, 34, 19) (30, 34, 19) (32, 36, 21) (34, 38, 23) (36, 43, 25) (40, 47, 29) (51, 58, 40) (62, 69, 51) 
(24, 27, 20) (24, 27, 20) (25, 28, 21) (25, 28, 21) (26, 29, 20) (26, 29, 20) (26, 29, 20) (25, 28, 19) (26, 29, 18) (27, 30, 19) (29, 33, 19) (30, 34, 20) (30, 34, 19) (31, 35, 20) (33, 37, 22) (35, 39, 24) (37, 44, 26) (40, 47, 29) (44, 51, 33) (49, 56, 38) 

HSL Image:
(38, 55, 37) (38, 55, 37) (35, 52, 34) (28, 45, 27) (20, 37, 18) (15, 32, 13) (16, 33, 14) (19, 36, 17) (13, 30, 11) (18, 35, 16) (21, 39, 17) (24, 42, 20) (26, 44, 22) (23, 41, 19) (23, 41, 19) (33, 51, 29) (40, 55, 34) (36, 51, 30) (34, 49, 28) (36, 51, 30) 
(40, 57, 39) (40, 57, 39) (37, 54, 36) (29, 46, 28) (21, 38, 19) (16, 33, 14) (16, 33, 14) (19, 36, 17) (12, 29, 10) (14, 31, 12) (15, 33, 11) (21, 39, 17) (27, 45, 23) (25, 43, 21) (23, 41, 19) (29, 47, 25) (41, 56, 35) (38, 53, 32) (35, 50, 29) (35, 50, 29) 
(44, 58, 41) (44, 58, 41) (41, 55, 38) (34, 48, 31) (27, 42, 23) (22, 37, 18) (21, 36, 17) (23, 38, 19) (21, 36, 17) (17, 32, 13) (13, 28, 9) (18, 33, 14) (29, 44, 23) (29, 44, 23) (27, 42, 21) (32, 47, 26) (40, 55, 34) (38, 53, 32) (35, 50, 29) (34, 49, 28) 
(44, 58, 41) (44, 58, 41) (43, 57, 40) (39, 53, 36) (33, 48, 29) (30, 45, 26) (30, 45, 26) (31, 46, 27) (32, 47, 28) (24, 39, 20) (16, 31, 12) (20, 35, 16) (30, 45, 24) (28, 43, 22) (26, 41, 20) (32, 47, 26) (37, 52, 31) (37, 52, 31) (36, 51, 30) (34, 49, 28) 
(41, 55, 38) (42, 56, 39) (43, 57, 40) (41, 55, 38) (39, 53, 36) (37, 51, 34) (38, 53, 34) (39, 54, 35) (39, 54, 35) (35, 50, 31) (32, 47, 28) (37, 52, 33) (42, 57, 38) (34, 49, 30) (27, 42, 21) (32, 47, 26) (36, 51, 30) (38, 53, 32) (37, 52, 31) (34, 49, 28) 
(36, 50, 33) (37, 51, 34) (39, 53, 36) (40, 54, 37) (40, 54, 37) (40, 54, 37) (41, 56, 37) (42, 57, 38) (43, 58, 39) (45, 60, 41) (51, 66, 47) (63, 78, 59) (66, 81, 62) (49, 64, 45) (34, 49, 28) (35, 50, 29) (39, 54, 33) (42, 57, 36) (42, 57, 36) (37, 52, 31) 
(32, 45, 28) (33, 46, 29) (35, 48, 31) (36, 49, 32) (37, 50, 33) (37, 50, 33) (37, 50, 33) (38, 51, 34) (39, 52, 34) (44, 57, 39) (56, 69, 51) (74, 87, 69) (80, 93, 75) (60, 73, 55) (40, 53, 35) (38, 51, 33) (43, 58, 37) (48, 63, 42) (48, 63, 42) (42, 57, 36) 
(28, 41, 24) (29, 42, 25) (31, 44, 27) (32, 45, 28) (33, 46, 29) (32, 45, 28) (32, 45, 28) (32, 45, 28) (30, 43, 25) (34, 47, 29) (45, 58, 40) (66, 79, 61) (75, 88, 70) (58, 71, 53) (39, 52, 34) (36, 49, 31) (46, 61, 40) (51, 66, 45) (52, 67, 46) (47, 62, 41) 
(26, 38, 24) (27, 39, 25) (27, 39, 25) (28, 40, 26) (29, 42, 25) (30, 43, 26) (31, 44, 27) (31, 44, 27) (29, 42, 25) (26, 39, 22) (25, 38, 20) (41, 54, 36) (60, 73, 55) (50, 63, 45) (32, 45, 27) (31, 44, 26) (46, 59, 39) (62, 75, 55) (61, 74, 54) (52, 65, 45) 
(25, 37, 23) (26, 38, 24) (26, 38, 24) (27, 39, 25) (28, 41, 24) (28, 41, 24) (29, 42, 25) (29, 42, 25) (29, 42, 25) (23, 36, 19) (14, 27, 9) (23, 36, 18) (43, 56, 38) (42, 55, 37) (31, 44, 26) (31, 44, 26) (47, 60, 40) (61, 74, 54) (60, 73, 53) (54, 67, 47) 
(25, 36, 22) (25, 36, 22) (26, 37, 23) (26, 37, 23) (27, 38, 24) (27, 38, 24) (27, 38, 22) (28, 39, 23) (32, 43, 27) (25, 36, 20) (13, 24, 8) (16, 27, 11) (33, 44, 28) (42, 53, 37) (40, 51, 34) (39, 50, 33) (47, 60, 40) (54, 67, 47) (53, 66, 46) (51, 64, 44) 
(25, 36, 22) (25, 36, 22) (25, 36, 22) (25, 36, 22) (25, 36, 22) (26, 37, 23) (26, 37, 21) (26, 37, 21) (29, 40, 24) (27, 38, 22) (21, 32, 16) (20, 31, 15) (32, 43, 27) (46, 57, 41) (50, 61, 44) (48, 59, 42) (46, 59, 39) (42, 55, 35) (38, 51, 31) (43, 56, 36) 
(24, 35, 21) (24, 35, 21) (25, 36, 22) (25, 36, 22) (25, 36, 22) (25, 36, 22) (25, 36, 22) (26, 37, 23) (24, 35, 19) (27, 38, 22) (27, 38, 22) (23, 34, 18) (27, 38, 22) (41, 52, 36) (53, 64, 48) (56, 67, 50) (49, 62, 42) (35, 48, 28) (28, 41, 21) (39, 52, 32) 
(23, 34, 20) (24, 35, 21) (24, 35, 21) (24, 35, 21) (25, 36, 22) (25, 36, 22) (26, 37, 23) (26, 37, 23) (25, 36, 20) (26, 37, 21) (28, 39, 23) (23, 34, 18) (19, 30, 14) (33, 44, 28) (53, 64, 48) (60, 71, 54) (53, 66, 48) (37, 50, 30) (35, 48, 28) (46, 59, 39) 
(24, 32, 19) (24, 32, 19) (25, 33, 20) (25, 33, 20) (26, 34, 21) (27, 35, 22) (27, 35, 22) (28, 36, 23) (30, 38, 23) (27, 35, 20) (30, 38, 23) (27, 35, 20) (19, 27, 12) (29, 37, 22) (50, 58, 43) (56, 67, 50) (55, 68, 50) (47, 60, 40) (54, 67, 47) (62, 75, 55) 
(24, 30, 20) (23, 31, 20) (25, 31, 21) (25, 33, 20) (27, 33, 23) (26, 34, 21) (28, 34, 22) (28, 36, 23) (30, 36, 24) (24, 32, 17) (30, 36, 22) (29, 37, 22) (21, 27, 13) (26, 34, 19) (44, 50, 36) (48, 57, 40) (56, 68, 48) (56, 68, 48) (71, 83, 63) (76, 88, 68) 
(26, 29, 22) (24, 29, 22) (26, 29, 22) (24, 30, 20) (27, 30, 23) (26, 32, 22) (29, 32, 23) (27, 33, 21) (29, 32, 21) (29, 35, 23) (31, 35, 21) (28, 34, 20) (30, 34, 19) (31, 38, 22) (39, 43, 28) (42, 49, 33) (49, 56, 38) (57, 66, 47) (75, 84, 65) (84, 93, 74) 
(25, 27, 22) (25, 27, 22) (26, 29, 22) (26, 29, 22) (27, 30, 23) (28, 31, 24) (29, 32, 23) (29, 32, 23) (28, 31, 20) (30, 33, 22) (31, 35, 21) (31, 35, 21) (30, 34, 19) (32, 36, 21) (36, 40, 25) (39, 43, 28) (41, 48, 30) (48, 55, 37) (65, 72, 54) (76, 83, 65) 
(25, 28, 21) (25, 28, 21) (25, 28, 21) (26, 29, 22) (27, 30, 21) (28, 31, 22) (28, 31, 22) (29, 32, 23) (27, 30, 19) (29, 32, 21) (31, 35, 21) (31, 35, 21) (31, 35, 20) (31, 35, 20) (33, 37, 22) (35, 39, 24) (37, 44, 26) (41, 48, 30) (52, 59, 41) (63, 70, 52) 
(25, 28, 21) (25, 28, 21) (26, 29, 22) (26, 29, 22) (27, 30, 21) (27, 30, 21) (27, 30, 21) (26, 29, 20) (27, 30, 19) (28, 31, 20) (30, 34, 20) (31, 35, 21) (31, 35, 20) (32, 36, 21) (34, 38, 23) (36, 40, 25) (38, 45, 27) (41, 48, 30) (45, 52, 34) (50, 57, 39) 

HSL Image from CMYK:
(36, 53, 35) (36, 53, 35) (33, 50, 32) (26, 43, 25) (18, 35, 16) (13, 30, 11) (14, 31, 12) (17, 34, 15) (11, 28, 9) (16, 33, 14) (19, 37, 15) (22, 40, 18) (24, 42, 20) (21, 39, 17) (21, 39, 17) (31, 49, 27) (38, 53, 32) (34, 49, 28) (32, 47, 26) (34, 49, 28) 
(38, 55, 37) (38, 55, 37) (35, 52, 34) (27, 44, 26) (19, 36, 17) (14, 31, 12) (14, 31, 12) (17, 34, 15) (10, 27, 9) (12, 29, 10) (13, 31, 9) (19, 37, 15) (25, 43, 21) (23, 41, 19) (21, 39, 17) (27, 45, 23) (39, 54, 33) (36, 51, 30) (33, 48, 27) (33, 48, 27) 
(42, 56, 39) (42, 56, 39) (39, 53, 36) (32, 46, 29) (25, 40, 21) (20, 35, 16) (19, 34, 15) (21, 36, 17) (19, 34, 15) (15, 30, 11) (11, 26, 8) (16, 31, 12) (27, 42, 21) (27, 42, 21) (25, 40, 19) (30, 45, 24) (38, 53, 32) (36, 51, 30) (33, 48, 27) (32, 47, 26) 
(42, 56, 39) (42, 56, 39) (41, 55, 38) (37, 51, 34) (31, 46, 27) (28, 43, 24) (28, 43, 24) (29, 44, 25) (30, 45, 26) (22, 37, 18) (14, 29, 10) (18, 33, 14) (28, 43, 22) (26, 41, 20) (24, 39, 18) (30, 45, 24) (35, 50, 29) (35, 50, 29) (34, 49, 28) (32, 47, 26) 
(39, 53, 36) (40, 54, 37) (41, 55, 38) (39, 53, 36) (37, 51, 34) (35, 49, 32) (36, 51, 32) (37, 52, 33) (37, 52, 33) (33, 48, 29) (30, 45, 26) (35, 50, 31) (40, 55, 36) (32, 47, 28) (25, 40, 19) (30, 45, 24) (34, 49, 28) (36, 51, 30) (35, 50, 29) (32, 47, 26) 
(34, 48, 31) (35, 49, 32) (37, 51, 34) (38, 52, 35) (38, 52, 35) (38, 52, 35) (39, 54, 35) (40, 55, 36) (41, 56, 37) (43, 58, 39) (49, 65, 45) (61, 77, 57) (65, 81, 60) (47, 62, 43) (32, 47, 26) (33, 48, 27) (37, 52, 31) (40, 55, 34) (40, 55, 34) (35, 50, 29) 
(30, 43, 26) (31, 44, 27) (33, 46, 29) (34, 47, 30) (35, 48, 31) (35, 48, 31) (35, 48, 31) (36, 49, 32) (37, 50, 32) (42, 55, 37) (54, 69, 49) (73, 87, 69) (79, 93, 75) (58, 73, 53) (38, 51, 33) (36, 49, 31) (41, 56, 35) (46, 61, 40) (46, 61, 40) (40, 55, 34) 
(26, 39, 22) (27, 40, 23) (29, 42, 25) (30, 43, 26) (31, 44, 27) (30, 43, 26) (30, 43, 26) (30, 43, 26) (28, 41, 23) (32, 45, 27) (43, 56, 38) (65, 79, 59) (75, 87, 69) (56, 71, 51) (37, 50, 32) (34, 47, 29) (44, 59, 38) (49, 65, 43) (50, 67, 44) (45, 60, 39) 
(24, 36, 22) (25, 37, 23) (25, 37, 23) (26, 38, 24) (27, 40, 23) (28, 41, 24) (29, 42, 25) (29, 42, 25) (27, 40, 23) (24, 37, 20) (23, 36, 18) (39, 52, 34) (58, 73, 53) (48, 61, 43) (30, 43, 25) (29, 42, 24) (44, 57, 37) (60, 75, 53) (59, 73, 52) (50, 65, 43) 
(23, 35, 21) (24, 36, 22) (24, 36, 22) (25, 37, 23) (26, 39, 22) (26, 39, 22) (27, 40, 23) (27, 40, 23) (27, 40, 23) (21, 34, 17) (12, 25, 7) (21, 34, 16) (41, 54, 36) (40, 53, 35) (29, 42, 24) (29, 42, 24) (45, 58, 38) (59, 73, 52) (58, 73, 51) (52, 67, 45) 
(23, 34, 20) (23, 34, 20) (24, 35, 21) (24, 35, 21) (25, 36, 22) (25, 36, 22) (25, 36, 20) (26, 37, 21) (30, 41, 25) (23, 34, 18) (11, 22, 6) (14, 25, 9) (31, 42, 26) (40, 51, 35) (38, 49, 32) (37, 48, 31) (45, 58, 38) (52, 67, 45) (51, 65, 44) (49, 62, 42) 
(23, 34, 20) (23, 34, 20) (23, 34, 20) (23, 34, 20) (23, 34, 20) (24, 35, 21) (24, 35, 19) (24, 35, 19) (27, 38, 22) (25, 36, 20) (19, 30, 14) (18, 29, 13) (30, 41, 25) (44, 55, 39) (48, 59, 42) (46, 57, 40) (44, 57, 37) (40, 53, 33) (36, 49, 29) (41, 54, 34) 
(22, 33, 19) (22, 33, 19) (23, 34, 20) (23, 34, 20) (23, 34, 20) (23, 34, 20) (23, 34, 20) (24, 35, 21) (22, 33, 17) (25, 36, 20) (25, 36, 20) (21, 32, 16) (25, 36, 20) (39, 50, 34) (51, 62, 46) (54, 67, 48) (47, 60, 40) (33, 46, 26) (26, 39, 19) (37, 50, 30) 
(21, 32, 18) (22, 33, 19) (22, 33, 19) (22, 33, 19) (23, 34, 20) (23, 34, 20) (24, 35, 21) (24, 35, 21) (23, 34, 18) (24, 35, 19) (26, 37, 21) (21, 32, 16) (17, 28, 12) (31, 42, 26) (51, 62, 46) (58, 71, 52) (51, 65, 46) (35, 48, 28) (33, 46, 26) (44, 57, 37) 
(22, 30, 17) (22, 30, 17) (23, 31, 18) (23, 31, 18) (24, 32, 19) (25, 33, 20) (25, 33, 20) (26, 34, 21) (28, 36, 21) (25, 33, 18) (28, 36, 21) (25, 33, 18) (17, 25, 10) (27, 35, 20) (48, 56, 41) (54, 67, 48) (53, 67, 48) (45, 58, 38) (52, 67, 45) (60, 75, 53) 
(22, 28, 18) (21, 29, 18) (23, 29, 19) (23, 31, 18) (25, 31, 21) (24, 32, 19) (26, 32, 20) (26, 34, 21) (28, 34, 22) (22, 30, 15) (28, 34, 20) (27, 35, 20) (19, 25, 11) (24, 32, 17) (42, 48, 34) (46, 55, 38) (54, 67, 46) (54, 67, 46) (71, 83, 61) (75, 87, 67) 
(24, 27, 20) (22, 27, 20) (24, 27, 20) (22, 28, 18) (25, 28, 21) (24, 30, 20) (27, 30, 21) (25, 31, 19) (27, 30, 19) (27, 33, 21) (29, 33, 19) (26, 32, 18) (28, 32, 17) (29, 36, 20) (37, 41, 26) (40, 47, 31) (47, 54, 36) (55, 65, 45) (75, 83, 65) (83, 93, 73) 
(23, 25, 20) (23, 25, 20) (24, 27, 20) (24, 27, 20) (25, 28, 21) (26, 29, 22) (27, 30, 21) (27, 30, 21) (26, 29, 18) (28, 31, 20) (29, 33, 19) (29, 33, 19) (28, 32, 17) (30, 34, 19) (34, 38, 23) (37, 41, 26) (39, 46, 28) (46, 53, 35) (65, 71, 52) (75, 83, 65) 
(23, 26, 19) (23, 26, 19) (23, 26, 19) (24, 27, 20) (25, 28, 19) (26, 29, 20) (26, 29, 20) (27, 30, 21) (25, 28, 17) (27, 30, 19) (29, 33, 19) (29, 33, 19) (29, 33, 18) (29, 33, 18) (31, 35, 20) (33, 37, 22) (35, 42, 24) (39, 46, 28) (50, 57, 39) (61, 69, 50) 
(23, 26, 19) (23, 26, 19) (24, 27, 20) (24, 27, 20) (25, 28, 19) (25, 28, 19) (25, 28, 19) (24, 27, 18) (25, 28, 17) (26, 29, 18) (28, 32, 18) (29, 33, 19) (29, 33, 18) (30, 34, 19) (32, 36, 21) (34, 38, 23) (36, 43, 25) (39, 46, 28) (43, 50, 32) (48, 55, 37) 
